94 14
94 5
129 13
141 14
164 9
164 5
189 12
212 14
237 4
237 13
272 12
285 13
309 16
309 4
357 18
381 3
381 19
415 18
428 19
452 14
452 3
475 17
498 19
521 0
521 18
557 17
570 18
592 0
592 16
640 16
662 1
662 17
697 16
709 17
733 1
733 12
756 15
779 17
802 0
802 16
837 15
848 14
867 2
867 16
913 12
925 13
936 14
936 3
971 13
982 14
1005 14
1005 3
1028 12
1052 14
1075 2
1075 13
1121 12
1143 2
1143 13
1214 14
1214 5
1236 9
1248 13
1259 14
1283 9
1283 5
1305 9
1305 12
1330 14
1353 4
1353 13
1376 9
1387 12
1399 13
1423 16
1423 4
1447 9
1469 18
1493 3
1493 19
1515 7
1527 18
1539 19
1562 3
1562 13
1585 15
1585 6
1610 19
1631 2
1631 18
1656 8
1665 17
1677 18
1702 16
1702 5
1725 9
1748 15
1759 16
1771 1
1771 17
1793 5
1806 16
1817 17
1841 0
1841 12
1864 15
1864 5
1887 16
1910 1
1910 17
1934 5
1946 16
1956 15
1981 2
1981 16
2003 8
2027 15
2050 16
2050 5
2072 8
2116 11
2139 14
2162 15
2185 18
2255 0
2255 14
2324 11
2370 15
2381 16
2392 0
2392 17
2462 11
2509 18
2530 0
2530 17
2543 16
2554 16
2600 11
2623 14
2646 11
2669 3
2669 12
2715 11
2739 0
2739 11
2761 4
2785 7
2808 8
2831 9
2876 14
2970 14
2982 15
2992 16
3003 18
3015 3
3015 19
3038 9
3085 3
3085 19
3108 9
3155 3
3155 19
3179 9
3200 19
3213 20
3225 3
3225 19
3248 9
3248 18
3270 16
3293 2
3293 18
3316 6
3362 2
3362 18
3386 6
3408 19
3431 16
3431 5
3454 8
3477 9
3500 12
3534 15
3546 16
3558 18
3569 1
3569 16
3592 15
3603 15
3626 14
3639 14
3639 1
3661 14
3673 15
3685 16
3696 18
3707 16
3707 4
3730 15
3742 15
3764 14
3774 14
3774 4
3799 12
3845 4
3845 19
3867 5
3890 8
3913 9
3959 18
3972 19
3982 1
3982 16
4028 15
4041 16
4051 1
4051 12
4097 11
4121 1
4121 12
4143 14
4166 12
4190 1
4259 15
4327 4
4327 19
4350 5
4372 8
4442 18
4453 19
4465 16
4465 4
4487 8
4511 15
4523 16
4534 0
4534 12
4557 4
4580 11
4603 5
4603 12
4626 14
4649 12
4741 2
4741 9
4753 10
4765 10
4776 2
4776 12
4788 13
4812 13
4822 14
4834 1
4834 15
4858 14
4868 1
4880 13
4903 12
4926 2
4926 12
4961 2
4970 13
5017 2
5017 9
5029 10
5040 9
5051 2
5051 10
5063 9
5111 2
5111 9
5121 10
5132 10
5144 2
5144 12
5154 13
5177 13
5189 14
5201 1
5201 15
5224 14
5236 1
5246 13
5270 12
5291 2
5291 13
5328 2
5339 16
5385 2
5420 2
5430 12
5443 13
5454 14
5466 15
5477 16
5477 5
5490 17
5501 16
5512 5
5512 12
5524 16
5546 16
5559 17
5571 15
5571 6
5592 14
5605 6
5616 14
5638 13
5660 0
5660 12
5694 0
5705 14
5753 1
5845 16
5845 5
5867 16
5891 16
5891 5
5914 15
5914 3
5936 15
5960 15
5960 3
5982 16
5982 5
6005 16
6028 16
6028 5
6051 14
6051 3
6074 14
6097 14
6097 3
6120 16
6120 5
6143 16
6166 16
6166 5
6189 7
6189 18
6236 7
6236 17
6258 16
6258 5
6328 16
6328 5
6351 16
6397 15
6397 3
6419 15
6455 15
6466 16
6466 5
6537 1
6537 12
6560 12
6582 13
6606 14
6606 2
6628 14
6675 2
6675 13
6743 16
6743 5
6768 16
6778 16
6789 16
6801 16
6813 5
6813 19
6835 16
6859 14
6882 15
6882 6
6904 15
6916 15
6927 15
6940 15
6952 19
6952 6
6973 15
7021 15
7021 2
7042 15
7054 15
7065 15
7078 15
7090 15
7090 2
7112 16
7123 15
7135 14
7146 13
7158 14
7158 5
7192 16
7227 5
7227 12
7251 12
7263 13
7273 14
7284 15
7297 16
7297 5
7319 16
7331 16
7343 16
7354 16
7366 5
7366 19
7388 16
7412 14
7434 15
7434 3
7457 15
7468 15
7480 15
7492 15
7504 3
7504 19
7513 20
7525 19
7537 16
7548 15
7572 15
7572 2
7594 15
7606 15
7616 15
7628 15
7640 15
7640 2
7651 16
7663 15
7675 14
7697 11
7709 5
7709 12
7779 16
7779 5
7802 17
7826 16
7848 12
7872 16
7894 12
7917 16
7917 5
7940 12
7965 16
7987 12
8010 17
8057 15
8057 4
8080 16
8102 15
8125 11
8149 15
8172 11
8196 15
8196 4
8219 11
8241 15
8287 15
8334 16
8334 5
8356 17
8381 16
8402 12
8427 16
8449 12
8472 0
8472 16
8495 12
8518 18
8563 17
8610 1
8610 16
8633 12
8655 16
8678 12
8702 16
8724 12
8748 1
8748 15
8887 1
8887 15
8911 16
8932 15
8956 10
8979 15
9001 10
9025 1
9025 15
9048 10
9072 14
9141 13
9165 14
9165 5
9188 15
9210 14
9234 9
9257 14
9280 9
9303 14
9303 5
9350 13
9396 14
9443 6
9443 13
9465 14
9488 13
9512 10
9535 13
9559 10
9582 6
9582 13
9605 8
9629 15
9697 14
9722 2
9722 13
9745 14
9770 13
9789 9
9812 13
9835 9
9858 2
9858 13
9905 14
9973 13
9997 5
9997 12
10136 5
10136 19
10276 5
10276 12
10416 14
10416 5
10450 13
10462 14
10486 9
10486 5
10508 12
10531 14
10556 6
10556 13
10602 13
10626 16
10626 6
10672 13
10696 0
10696 16
10741 16
10764 0
10764 18
10788 17
10810 16
10834 1
10834 16
10880 17
10905 4
10928 18
10950 15
10974 0
10974 15
11020 16
11043 3
11067 17
11090 14
11112 14
11112 5
11149 13
11159 14
11171 15
11183 2
11183 16
11228 13
11252 5
11252 12
