96 14
96 5
130 13
144 14
167 9
167 5
192 12
214 14
240 4
240 13
275 12
286 13
313 16
313 4
360 18
383 3
383 19
418 18
431 19
478 17
502 19
526 0
526 18
561 17
574 18
597 0
597 16
668 1
668 17
702 16
714 17
738 1
738 12
784 17
807 0
807 16
843 15
854 14
878 2
878 16
925 12
938 13
949 14
949 3
984 13
995 14
1019 14
1019 3
1042 12
1066 14
1090 2
1090 13
1137 12
1159 2
1159 13
1232 14
1232 5
1254 9
1266 13
1276 14
1300 9
1300 5
1324 9
1324 12
1349 14
1372 4
1372 13
1396 9
1406 12
1419 13
1443 16
1443 4
1467 9
1489 18
1514 3
1514 19
1536 7
1548 18
1560 19
1582 3
1582 13
1606 15
1606 6
1653 2
1653 18
1677 8
1687 17
1699 18
1723 16
1723 5
1747 9
1771 15
1782 16
1794 1
1794 17
1816 5
1841 17
1864 0
1864 12
1887 15
1887 5
1910 16
1934 1
1934 17
1958 5
1969 16
1981 15
2005 2
2005 16
2027 8
2052 15
2075 16
2075 5
2097 8
2122 9
2144 11
2168 14
2192 15
2286 0
2286 14
2356 11
2402 15
2413 16
2424 0
2424 17
2495 11
2543 18
2565 0
2565 17
2577 16
2589 16
2635 11
2660 14
2682 11
2705 3
2705 12
2752 11
2777 0
2777 11
2799 4
2824 7
2847 8
2870 9
2894 11
2917 14
3011 14
3024 15
3034 16
3045 18
3059 3
3059 19
3081 9
3129 3
3129 19
3153 9
3201 3
3201 19
3224 9
3246 19
3259 20
3271 3
3271 19
3294 9
3294 18
3318 16
3340 2
3340 18
3364 6
3410 2
3410 18
3434 6
3457 19
3481 16
3481 5
3505 8
3528 9
3552 12
3586 15
3598 16
3611 18
3622 1
3622 16
3645 15
3656 15
3679 14
3692 14
3692 1
3715 14
3727 15
3739 16
3751 18
3763 16
3763 4
3785 15
3797 15
3821 14
3831 14
3831 4
3856 12
3903 4
3903 19
3927 5
3949 8
3973 9
4019 18
4031 19
4043 1
4043 16
4089 15
4101 16
4113 1
4113 12
4159 11
4184 1
4184 12
4207 14
4231 12
4254 1
4324 15
4395 4
4395 19
4418 5
4440 8
4512 18
4523 19
4536 16
4536 4
4560 8
4582 15
4595 16
4606 0
4606 12
4630 4
4677 5
4677 12
4701 14
4818 2
4818 9
4831 10
4842 10
4853 2
4853 12
4866 13
4890 13
4901 14
4913 1
4913 15
4947 1
4983 12
5006 2
5006 12
5052 13
5099 2
5099 9
5111 10
5123 9
5134 2
5134 10
5146 9
5193 2
5193 9
5205 10
5216 10
5228 2
5228 12
5239 13
5262 13
5275 14
5287 1
5287 15
5310 14
5322 1
5357 12
5380 2
5380 13
5416 2
5427 16
5474 2
5510 2
5521 12
5533 13
5544 14
5556 15
5568 16
5568 5
5581 17
5592 16
5602 5
5602 12
5615 16
5637 16
5649 17
5661 15
5661 6
5684 14
5697 6
5708 14
5731 13
5753 0
5753 12
5789 0
5800 14
5848 1
5964 16
6011 15
6011 3
6034 15
6059 15
6059 3
6081 16
6081 5
6106 16
6176 14
6200 14
6200 3
6224 16
6224 5
6247 16
6270 16
6270 5
6294 7
6294 18
6341 7
6341 17
6364 16
6364 5
6435 16
6435 5
6459 16
6505 15
6505 3
6529 15
6564 15
6575 16
6575 5
6600 16
6647 1
6647 12
6670 12
6692 13
6717 14
6717 2
6739 14
6786 2
6786 13
6856 16
6856 5
6881 16
6893 16
6903 16
6915 16
6928 5
6928 19
6950 16
6975 14
6999 15
6999 6
7021 15
7033 15
7044 15
7058 15
7093 15
7140 15
7140 2
7162 15
7186 15
7198 15
7210 15
7210 2
7233 16
7244 15
7257 14
7268 13
7279 14
7279 5
7315 16
7350 5
7350 12
7374 12
7386 13
7397 14
7408 15
7420 16
7420 5
7444 16
7456 16
7466 16
7478 16
7490 5
7490 19
7513 16
7537 14
7559 15
7559 3
7584 15
7594 15
7605 15
7618 15
7630 3
7630 19
7640 20
7652 19
7664 16
7675 15
7699 15
7699 2
7721 15
7733 15
7745 15
7757 15
7769 15
7769 2
7780 16
7792 15
7803 14
7826 11
7837 5
7837 12
7908 16
7908 5
7955 16
7977 12
8001 16
8024 12
8047 16
8047 5
8070 12
8095 16
8118 12
8140 17
8188 15
8188 4
8211 16
8235 15
8259 11
8307 11
8329 15
8329 4
8353 11
8377 15
8423 15
8472 16
8472 5
8494 17
8519 16
8542 12
8566 16
8589 12
8613 0
8613 16
8636 12
8659 18
8683 12
8706 17
8754 1
8754 16
8777 12
8799 16
8823 12
8848 16
8870 12
8894 1
8894 15
9035 1
9035 15
9060 16
9082 15
9106 10
9130 15
9152 10
9177 1
9177 15
9199 10
9294 13
9317 14
9317 5
9340 15
9364 14
9387 9
9411 14
9434 9
9457 14
9457 5
9504 13
9599 6
9599 13
9623 14
9645 13
9669 10
9692 13
9717 10
9741 6
9741 13
9764 8
9787 15
9856 14
9881 2
9881 13
9904 14
9929 13
9951 9
9974 13
9998 9
10021 2
10021 13
10069 14
10138 13
10163 5
10163 12
10305 5
10305 19
10447 5
10447 12
10587 14
10587 5
10624 13
10634 14
10659 9
10659 5
10682 12
10705 14
10729 6
10729 13
10776 13
10800 16
10800 6
10846 13
10869 0
10869 16
10916 16
10939 0
10939 18
10963 17
10987 16
11009 1
11009 16
11056 17
11104 18
11126 15
11151 0
11151 15
11197 16
11245 17
11268 14
11290 14
11290 5
11327 13
11338 14
11350 15
11363 2
11363 16
11409 13
11433 5
11433 12
